0 inf
0.1 inf
0.2 inf
0.3 inf
0.4 inf
0.5 inf
0.6 inf
0.7 inf
0.8 inf
0.9 inf
1 inf
1.1 808.582
1.2 728.52
1.3 658.617
1.4 597.368
1.5 543.576
1.6 496.279
1.7 454.689
1.8 418.152
1.9 386.122
2 358.136
2.1 333.8
2.2 312.774
2.3 294.763
2.4 279.511
2.5 266.793
2.6 256.409
2.7 248.183
2.8 241.959
2.9 237.596
3 234.968
3.1 233.96
3.2 234.471
3.3 236.406
3.4 239.68
3.5 244.216
3.6 249.943
3.7 256.795
3.8 264.713
3.9 273.641
4 283.527
4.1 294.326
4.2 305.991
4.3 318.484
4.4 331.765
4.5 345.8
4.6 360.554
4.7 375.998
4.8 392.103
4.9 408.84
5 426.184
5.1 444.112
5.2 462.6
5.3 481.628
5.4 501.175
5.5 521.222
5.6 541.751
5.7 562.745
5.8 584.188
5.9 606.064
6 628.359
